ltv652her.5 11.54 2.0 5.0 0.1
C
C Silicon II lines
412.8054 14.01  0.359   79338.500 1.5  103556.156 2.5    9.44  -4.87   0.00 0 30.0
# The following two lines will be evaluated simultaneously
# with a combined eqw of 34.0
413.0872 14.01 -0.783   79355.023 2.5  103556.156 2.5    9.44  -4.87   0.00 0 0
413.0894 14.01  0.552   79355.023 2.5  103556.031 3.5    9.44  -4.87   0.00 0 34.0
504.1024 14.01  0.029   81191.344 0.5  101023.047 1.5    9.03  -4.70   0.00 0 35.0
505.5984 14.01  0.523   81251.320 1.5  101024.352 2.5    9.04  -4.70   0.00 0 44.0
C
C Sulphur III lines
425.3589 16.02  0.107  147146.000 2.0  170648.938 3.0    0.00   0.00   0.00 0 174.0
428.4979 16.02 -0.233  146736.547 1.0  170067.313 2.0    0.00   0.00   0.00 0 103.0
433.2692 16.02 -0.564  146696.188 0.0  169770.047 1.0    0.00   0.00   0.00 0 66.0
435.4566 16.02 -0.959  147690.984 2.0  170648.938 3.0    0.00   0.00   0.00 0 53.0
436.1527 16.02 -0.606  147146.000 2.0  170067.313 2.0    0.00   0.00   0.00 0 68.0
436.4747 16.02 -0.805  147744.547 3.0  170648.938 3.0    0.00   0.00   0.00 0 34.0
449.9245 16.02 -1.640  147550.313 1.0  169770.047 1.0    0.00   0.00   0.00 0 16.

